1 0.171094 0.757102 0.170313 0.059659
1 0.316406 0.720170 0.029687 0.042614
1 0.420312 0.279830 0.112500 0.173295
1 0.483594 0.394886 0.082812 0.125000
1 0.555469 0.528409 0.085938 0.147727
1 0.657813 0.666193 0.084375 0.076705
1 0.789844 0.318182 0.073438 0.085227
1 0.521875 0.207386 0.056250 0.130682
1 0.501563 0.072443 0.037500 0.048295
1 0.683594 0.289773 0.017188 0.056818
1 0.551562 0.794034 0.031250 0.031250
1 0.389062 0.732955 0.034375 0.039773
1 0.650000 0.379261 0.053125 0.059659
0 0.218750 0.619318 0.243750 0.244318
0 0.636719 0.245739 0.092188 0.190341
0 0.625000 0.609375 0.290625 0.321023
