1 0.242969 0.674716 0.117188 0.122159
1 0.439063 0.323864 0.090625 0.107955
1 0.485938 0.427557 0.062500 0.093750
1 0.724219 0.355114 0.064062 0.068182
1 0.623437 0.620739 0.071875 0.059659
1 0.364063 0.667614 0.025000 0.039773
1 0.550781 0.490057 0.039062 0.053977
1 0.514844 0.276989 0.039062 0.099432
1 0.641406 0.340909 0.020313 0.045455
1 0.498437 0.170455 0.021875 0.034091
1 0.534375 0.725852 0.021875 0.036932
0 0.298438 0.605114 0.156250 0.153409
0 0.603125 0.332386 0.084375 0.159091
0 0.603906 0.563920 0.185938 0.275568
