1 0.434375 0.867778 0.186250 0.255556
1 0.410000 0.711111 0.052500 0.040000
1 0.421875 0.636667 0.026250 0.051111
1 0.491875 0.613333 0.061250 0.057778
1 0.553125 0.577778 0.063750 0.097778
1 0.606875 0.774444 0.033750 0.046667
1 0.853750 0.622222 0.037500 0.053333
1 0.648125 0.980000 0.031250 0.026667
1 0.555000 0.515556 0.035000 0.026667
1 0.505625 0.440000 0.166250 0.062222
1 0.376250 0.437778 0.067500 0.044444
1 0.228125 0.351111 0.063750 0.133333
1 0.330000 0.306667 0.042500 0.106667
1 0.364375 0.386667 0.098750 0.035556
1 0.453750 0.234444 0.027500 0.042222
0 0.354375 0.250000 0.478750 0.464444
0 0.269375 0.806667 0.206250 0.368889
1 0.394375 0.236667 0.041250 0.082222
1 0.717500 0.673333 0.050000 0.062222
